1,7
2,7
3,7
4,7
5,7
6,7
7,7
8,7
9,7
10,7
11,7
12,7
13,7
14,7
15,7
16,7
17,7
18,7
19,7
20,7
21,7
22,7
23,7
24,7
25,7
26,7
27,7
28,7
29,7
30,7
31,7
32,7
33,7
34,7
35,7
36,7
37,7
38,7
39,7
40,7
41,7
42,7
43,7
44,7
45,14
46,7
47,7
48,7
49,7
50,7
51,7
52,7
53,7
54,7
55,7
56,7
57,7
58,7
59,7
60,7
61,7
62,7
63,7
64,7
65,7
66,7
67,7
68,7
69,7
70,7
71,7
72,7
73,7
74,7
75,7
76,7
77,7
78,7
79,7
80,7
81,7
82,14
83,7
84,7
85,7
86,7
87,7
88,7
89,7
90,7
91,7
92,7
93,7
94,7
95,7
96,7
97,7
98,7
99,7
100,7
101,7
102,7
103,7
104,7
105,7
106,7
107,7
108,7
109,7
110,7
111,7
112,7
113,7
114,7
115,7
116,7
117,7
118,7
119,7
120,7
121,7
122,7
123,7
124,7
125,7
126,7
127,7
128,7
129,7
130,22
131,7
132,7
133,7
134,7
135,7
136,7
137,7
138,7
139,7
140,7
141,7
142,7
143,7
144,7
145,7
146,7
147,7
148,7
149,7
150,7
151,22
152,22
153,22
154,22
155,22
156,22
157,22
158,22
159,22
160,22
161,22
162,22
163,22
164,22
165,22
166,22
167,22
168,22
169,22
170,22
171,22
172,22
173,22
174,22
175,22
176,22
177,22
178,22
179,22
180,22
181,22
182,22
183,22
184,22
185,22
186,22
187,22
188,22
189,22
190,22
191,22
192,22
193,22
194,22
195,22
196,22
197,22
198,22
199,22
200,22
201,22
202,22
203,22
204,22
205,22
206,22
207,22
208,22
209,22
210,22
211,22
212,22
213,22
214,22
215,22
216,22
217,22
218,22
219,22
220,22
221,22
222,22
223,22
224,22
225,22
226,22
227,22
228,22
229,22
230,22
231,22
232,22
233,22
234,22
235,22
236,22
237,22
238,22
239,22
240,22
241,22
242,22
243,22
244,22
245,22
246,22
247,22
248,22
249,22
250,22
251,22
252,22
253,22
254,22
255,22
256,22
257,22
258,22
259,22
260,22
261,22
262,22
263,22
264,22
265,22
266,22
267,22
268,22
269,22
270,22
271,22
272,22
273,22
274,22
275,22
276,22
277,22
278,22
279,22
280,22
281,22
282,22
283,22
284,22
285,22
286,22
287,22
288,22
289,22
290,22
291,22
292,22
293,22
294,22
295,22
296,22
297,22
298,22
299,22
300,22
301,21
302,21
303,6
304,21
305,21
306,21
307,21
308,21
309,21
310,21
311,21
312,21
313,21
314,21
315,21
316,21
317,21
318,21
319,21
320,21
321,21
322,21
323,21
324,21
325,21
326,21
327,6
328,21
329,21
330,21
331,21
332,21
333,21
334,21
335,21
336,21
337,21
338,21
339,21
340,21
341,21
342,21
343,21
344,21
345,6
346,21
347,21
348,21
349,21
350,21
351,21
352,21
353,21
354,21
355,21
356,21
357,21
358,6
359,21
360,6
361,21
362,21
363,21
364,21
365,21
366,21
367,21
368,21
369,21
370,21
371,21
372,21
373,21
374,21
375,21
376,21
377,21
378,21
379,21
380,21
381,21
382,21
383,21
384,21
385,21
386,21
387,21
388,21
389,21
390,6
391,21
392,21
393,21
394,21
395,21
396,21
397,21
398,21
399,21
400,21
401,21
402,21
403,21
404,21
405,21
406,21
407,21
408,21
409,21
410,21
411,21
412,21
413,21
414,21
415,21
416,21
417,21
418,21
419,21
420,21
421,21
422,21
423,7
424,21
425,21
426,21
427,21
428,21
429,21
430,21
431,21
432,21
433,21
434,21
435,21
436,21
437,21
438,21
439,21
440,21
441,21
442,21
443,21
444,21
445,21
446,21
447,21
448,21
449,21
450,21
451,6
452,6
453,6
454,6
455,6
456,6
457,6
458,6
459,6
460,6
461,6
462,6
463,6
464,6
465,6
466,6
467,6
468,6
469,6
470,6
471,6
472,21
473,6
474,6
475,6
476,6
477,6
478,6
479,6
480,6
481,6
482,6
483,6
484,6
485,6
486,6
487,6
488,6
489,6
490,6
491,6
492,6
493,6
494,6
495,6
496,6
497,6
498,6
499,6
500,6
501,6
502,6
503,6
504,6
505,6
506,6
507,6
508,6
509,6
510,6
511,6
512,6
513,6
514,6
515,6
516,6
517,6
518,6
519,6
520,6
521,6
522,6
523,6
524,6
525,6
526,6
527,6
528,6
529,6
530,6
531,6
532,6
533,6
534,6
535,6
536,6
537,6
538,6
539,6
540,6
541,6
542,6
543,6
544,6
545,6
546,6
547,6
548,6
549,6
550,6
551,6
552,6
553,6
554,6
555,6
556,6
557,6
558,6
559,6
560,6
561,6
562,6
563,6
564,6
565,6
566,6
567,6
568,6
569,6
570,6
571,6
572,6
573,6
574,6
575,6
576,6
577,6
578,6
579,6
580,6
581,6
582,6
583,6
584,6
585,6
586,6
587,6
588,6
589,6
590,6
591,6
592,6
593,6
594,6
595,6
596,6
597,6
598,6
599,6
600,6
601,8
602,8
603,8
604,8
605,8
606,8
607,8
608,8
609,8
610,8
611,8
612,8
613,8
614,8
615,8
616,22
617,8
618,8
619,8
620,8
621,8
622,8
623,8
624,8
625,8
626,8
627,8
628,8
629,8
630,8
631,8
632,8
633,8
634,8
635,8
636,8
637,8
638,8
639,8
640,8
641,8
642,8
643,8
644,8
645,8
646,8
647,8
648,8
649,8
650,8
651,8
652,8
653,8
654,8
655,8
656,8
657,8
658,8
659,8
660,8
661,22
662,8
663,8
664,8
665,8
666,8
667,8
668,8
669,8
670,8
671,8
672,8
673,8
674,8
675,8
676,8
677,8
678,8
679,8
680,8
681,8
682,8
683,8
684,8
685,8
686,8
687,8
688,8
689,8
690,8
691,8
692,8
693,8
694,8
695,8
696,8
697,8
698,8
699,8
700,8
701,8
702,8
703,8
704,8
705,8
706,8
707,8
708,8
709,8
710,8
711,8
712,8
713,8
714,8
715,8
716,8
717,8
718,8
719,8
720,8
721,8
722,8
723,8
724,8
725,8
726,8
727,8
728,8
729,8
730,8
731,8
732,8
733,8
734,8
735,8
736,8
737,8
738,8
739,8
740,8
741,8
742,8
743,8
744,8
745,8
746,8
747,8
748,8
749,8
750,8
751,12
752,8
753,8
754,12
755,8
756,8
757,8
758,12
759,12
760,12
761,12
762,8
763,12
764,8
765,8
766,8
767,12
768,12
769,8
770,8
771,8
772,8
773,8
774,12
775,12
776,8
777,8
778,8
779,12
780,8
781,8
782,12
783,8
784,8
785,8
786,12
787,8
788,8
789,12
790,12
791,8
792,8
793,8
794,8
795,12
796,12
797,8
798,8
799,12
800,8
801,8
802,18
803,8
804,12
805,12
806,8
807,8
808,8
809,12
810,18
811,12
812,18
813,12
814,12
815,12
816,12
817,8
818,12
819,8
820,12
821,8
822,12
823,8
824,12
825,12
826,8
827,8
828,8
829,8
830,8
831,12
832,12
833,12
834,8
835,12
836,18
837,8
838,9
839,8
840,12
841,8
842,12
843,12
844,12
845,12
846,12
847,8
848,8
849,12
850,12
851,8
852,8
853,12
854,18
855,18
856,8
857,18
858,12
859,18
860,8
861,8
862,12
863,8
864,12
865,12
866,8
867,8
868,8
869,8
870,8
871,12
872,12
873,12
874,8
875,12
876,8
877,12
878,12
879,8
880,8
881,8
882,12
883,8
884,8
885,12
886,18
887,12
888,8
889,8
890,18
891,8
892,8
893,12
894,12
895,8
896,12
897,12
898,8
899,8
900,12
901,9
902,9
903,9
904,18
905,9
906,9
907,9
908,9
909,9
910,18
911,9
912,9
913,9
914,9
915,18
916,18
917,18
918,9
919,18
920,9
921,9
922,9
923,9
924,18
925,9
926,9
927,9
928,9
929,9
930,9
931,9
932,9
933,9
934,9
935,9
936,9
937,18
938,9
939,9
940,9
941,18
942,9
943,18
944,9
945,9
946,18
947,9
948,18
949,18
950,9
951,9
952,9
953,18
954,9
955,9
956,18
957,9
958,9
959,9
960,9
961,18
962,9
963,9
964,18
965,9
966,18
967,9
968,9
969,9
970,9
971,9
972,9
973,18
974,9
975,9
976,18
977,9
978,18
979,18
980,9
981,18
982,9
983,9
984,18
985,9
986,9
987,9
988,9
989,9
990,9
991,9
992,9
993,9
994,18
995,9
996,9
997,9
998,9
999,9
1000,9
1001,18
1002,9
1003,18
1004,13
1005,18
1006,9
1007,9
1008,9
1009,18
1010,9
1011,9
1012,9
1013,9
1014,9
1015,9
1016,9
1017,9
1018,9
1019,18
1020,9
1021,18
1022,9
1023,9
1024,9
1025,9
1026,18
1027,9
1028,9
1029,9
1030,9
1031,9
1032,9
1033,9
1034,9
1035,9
1036,9
1037,9
1038,9
1039,9
1040,9
1041,9
1042,18
1043,18
1044,9
1045,9
1046,18
1047,18
1048,12
1049,9
1050,9
1051,13
1052,13
1053,13
1054,13
1055,13
1056,13
1057,18
1058,13
1059,13
1060,13
1061,13
1062,13
1063,13
1064,13
1065,13
1066,13
1067,13
1068,13
1069,13
1070,13
1071,13
1072,19
1073,13
1074,13
1075,13
1076,13
1077,13
1078,13
1079,13
1080,12
1081,13
1082,13
1083,13
1084,12
1085,13
1086,13
1087,12
1088,13
1089,13
1090,13
1091,13
1092,13
1093,13
1094,13
1095,13
1096,13
1097,13
1098,13
1099,13
1100,13
1101,13
1102,13
1103,13
1104,13
1105,13
1106,13
1107,13
1108,13
1109,13
1110,13
1111,13
1112,13
1113,13
1114,13
1115,13
1116,13
1117,13
1118,13
1119,13
1120,13
1121,13
1122,13
1123,13
1124,13
1125,13
1126,13
1127,13
1128,13
1129,13
1130,13
1131,13
1132,13
1133,13
1134,13
1135,13
1136,13
1137,13
1138,13
1139,13
1140,13
1141,13
1142,13
1143,13
1144,13
1145,13
1146,13
1147,13
1148,13
1149,13
1150,13
1151,13
1152,13
1153,13
1154,13
1155,13
1156,13
1157,13
1158,13
1159,13
1160,13
1161,13
1162,13
1163,13
1164,13
1165,13
1166,13
1167,13
1168,13
1169,13
1170,13
1171,18
1172,13
1173,13
1174,13
1175,13
1176,13
1177,13
1178,13
1179,13
1180,13
1181,13
1182,13
1183,18
1184,13
1185,13
1186,13
1187,13
1188,12
1189,13
1190,13
1191,13
1192,13
1193,13
1194,13
1195,13
1196,13
1197,13
1198,13
1199,13
1200,13
1201,19
1202,19
1203,19
1204,19
1205,19
1206,19
1207,19
1208,19
1209,19
1210,19
1211,19
1212,19
1213,19
1214,19
1215,19
1216,19
1217,19
1218,19
1219,19
1220,19
1221,19
1222,19
1223,19
1224,19
1225,19
1226,19
1227,19
1228,19
1229,19
1230,19
1231,19
1232,19
1233,19
1234,19
1235,19
1236,19
1237,19
1238,19
1239,19
1240,19
1241,19
1242,19
1243,19
1244,19
1245,19
1246,19
1247,19
1248,19
1249,19
1250,19
1251,19
1252,19
1253,19
1254,19
1255,19
1256,19
1257,19
1258,19
1259,19
1260,19
1261,19
1262,19
1263,19
1264,19
1265,19
1266,19
1267,19
1268,19
1269,19
1270,19
1271,19
1272,19
1273,19
1274,19
1275,19
1276,19
1277,19
1278,19
1279,19
1280,19
1281,19
1282,19
1283,19
1284,19
1285,19
1286,19
1287,19
1288,19
1289,19
1290,19
1291,19
1292,19
1293,19
1294,19
1295,19
1296,19
1297,19
1298,19
1299,19
1300,19
1301,19
1302,19
1303,19
1304,19
1305,19
1306,19
1307,19
1308,19
1309,19
1310,19
1311,19
1312,19
1313,19
1314,19
1315,19
1316,19
1317,19
1318,19
1319,19
1320,19
1321,19
1322,19
1323,19
1324,19
1325,19
1326,19
1327,19
1328,19
1329,19
1330,19
1331,19
1332,19
1333,19
1334,19
1335,19
1336,19
1337,19
1338,19
1339,19
1340,19
1341,19
1342,19
1343,19
1344,19
1345,19
1346,19
1347,19
1348,19
1349,19
1350,19
1351,14
1352,14
1353,14
1354,14
1355,14
1356,14
1357,14
1358,14
1359,14
1360,14
1361,14
1362,14
1363,14
1364,14
1365,14
1366,14
1367,14
1368,14
1369,14
1370,14
1371,14
1372,14
1373,14
1374,14
1375,14
1376,14
1377,14
1378,14
1379,14
1380,14
1381,14
1382,14
1383,14
1384,14
1385,14
1386,14
1387,14
1388,14
1389,14
1390,14
1391,14
1392,14
1393,38
1394,14
1395,14
1396,14
1397,14
1398,14
1399,14
1400,14
1401,14
1402,14
1403,14
1404,14
1405,38
1406,14
1407,14
1408,14
1409,14
1410,14
1411,14
1412,14
1413,14
1414,14
1415,14
1416,14
1417,14
1418,14
1419,14
1420,38
1421,14
1422,14
1423,38
1424,14
1425,14
1426,14
1427,14
1428,14
1429,14
1430,14
1431,14
1432,14
1433,14
1434,14
1435,14
1436,14
1437,14
1438,14
1439,14
1440,14
1441,14
1442,14
1443,14
1444,14
1445,14
1446,14
1447,14
1448,14
1449,14
1450,14
1451,14
1452,14
1453,14
1454,14
1455,14
1456,14
1457,14
1458,14
1459,14
1460,14
1461,14
1462,14
1463,14
1464,14
1465,14
1466,14
1467,14
1468,14
1469,14
1470,14
1471,14
1472,14
1473,14
1474,14
1475,14
1476,14
1477,14
1478,14
1479,14
1480,14
1481,14
1482,14
1483,14
1484,14
1485,14
1486,14
1487,14
1488,14
1489,14
1490,14
1491,14
1492,14
1493,14
1494,14
1495,14
1496,14
1497,14
1498,14
1499,14
1500,14
1501,20
1502,20
1503,20
1504,20
1505,20
1506,20
1507,20
1508,20
1509,20
1510,20
1511,20
1512,20
1513,20
1514,20
1515,20
1516,20
1517,20
1518,20
1519,20
1520,20
1521,20
1522,20
1523,20
1524,20
1525,20
1526,20
1527,20
1528,20
1529,20
1530,20
1531,20
1532,20
1533,20
1534,20
1535,20
1536,20
1537,20
1538,20
1539,20
1540,20
1541,20
1542,20
1543,20
1544,20
1545,20
1546,20
1547,20
1548,20
1549,20
1550,20
1551,20
1552,20
1553,20
1554,20
1555,20
1556,20
1557,20
1558,20
1559,20
1560,20
1561,20
1562,20
1563,20
1564,20
1565,20
1566,20
1567,20
1568,20
1569,20
1570,20
1571,20
1572,20
1573,20
1574,20
1575,20
1576,20
1577,20
1578,20
1579,20
1580,20
1581,20
1582,20
1583,20
1584,20
1585,20
1586,20
1587,20
1588,20
1589,20
1590,20
1591,20
1592,20
1593,20
1594,20
1595,20
1596,20
1597,20
1598,20
1599,20
1600,20
1601,20
1602,20
1603,20
1604,20
1605,20
1606,20
1607,20
1608,20
1609,20
1610,20
1611,20
1612,20
1613,20
1614,20
1615,20
1616,20
1617,20
1618,20
1619,20
1620,20
1621,20
1622,20
1623,20
1624,20
1625,20
1626,20
1627,20
1628,20
1629,20
1630,20
1631,20
1632,20
1633,20
1634,20
1635,20
1636,20
1637,20
1638,20
1639,20
1640,20
1641,20
1642,20
1643,20
1644,20
1645,20
1646,20
1647,20
1648,20
1649,20
1650,20
1651,15
1652,15
1653,15
1654,15
1655,12
1656,15
1657,15
1658,15
1659,15
1660,15
1661,15
1662,15
1663,15
1664,15
1665,15
1666,8
1667,15
1668,15
1669,15
1670,15
1671,15
1672,15
1673,15
1674,15
1675,15
1676,15
1677,15
1678,15
1679,15
1680,15
1681,15
1682,15
1683,12
1684,15
1685,15
1686,15
1687,15
1688,15
1689,15
1690,15
1691,15
1692,15
1693,15
1694,15
1695,15
1696,15
1697,15
1698,12
1699,15
1700,15
1701,15
1702,15
1703,15
1704,15
1705,15
1706,15
1707,15
1708,15
1709,15
1710,15
1711,15
1712,13
1713,15
1714,15
1715,15
1716,15
1717,15
1718,15
1719,15
1720,15
1721,15
1722,15
1723,15
1724,15
1725,15
1726,15
1727,15
1728,15
1729,15
1730,15
1731,15
1732,15
1733,15
1734,15
1735,15
1736,15
1737,15
1738,15
1739,15
1740,15
1741,15
1742,15
1743,15
1744,15
1745,15
1746,15
1747,15
1748,15
1749,15
1750,15
1751,15
1752,15
1753,15
1754,15
1755,15
1756,15
1757,12
1758,15
1759,15
1760,12
1761,15
1762,15
1763,15
1764,15
1765,15
1766,15
1767,15
1768,15
1769,12
1770,15
1771,15
1772,15
1773,15
1774,15
1775,15
1776,15
1777,15
1778,15
1779,15
1780,15
1781,15
1782,15
1783,15
1784,15
1785,15
1786,15
1787,15
1788,15
1789,12
1790,15
1791,12
1792,15
1793,15
1794,15
1795,15
1796,15
1797,15
1798,15
1799,15
1800,15
1801,11
1802,11
1803,11
1804,11
1805,11
1806,11
1807,11
1808,11
1809,11
1810,11
1811,11
1812,11
1813,11
1814,11
1815,11
1816,11
1817,11
1818,11
1819,11
1820,11
1821,11
1822,11
1823,11
1824,11
1825,11
1826,11
1827,11
1828,11
1829,11
1830,11
1831,11
1832,11
1833,11
1834,11
1835,11
1836,11
1837,11
1838,11
1839,11
1840,11
1841,11
1842,11
1843,11
1844,11
1845,11
1846,11
1847,11
1848,11
1849,11
1850,11
1851,11
1852,11
1853,11
1854,11
1855,11
1856,11
1857,11
1858,11
1859,11
1860,11
1861,11
1862,11
1863,11
1864,11
1865,11
1866,11
1867,11
1868,11
1869,11
1870,11
1871,11
1872,11
1873,11
1874,11
1875,11
1876,11
1877,11
1878,11
1879,11
1880,11
1881,11
1882,11
1883,11
1884,11
1885,11
1886,11
1887,11
1888,11
1889,11
1890,11
1891,11
1892,11
1893,11
1894,11
1895,11
1896,11
1897,11
1898,11
1899,11
1900,11
1901,11
1902,11
1903,11
1904,11
1905,11
1906,11
1907,11
1908,11
1909,11
1910,11
1911,11
1912,11
1913,11
1914,11
1915,11
1916,11
1917,11
1918,11
1919,11
1920,11
1921,11
1922,11
1923,11
1924,11
1925,11
1926,11
1927,11
1928,11
1929,11
1930,11
1931,11
1932,11
1933,11
1934,11
1935,11
1936,11
1937,11
1938,11
1939,11
1940,11
1941,11
1942,11
1943,11
1944,11
1945,11
1946,11
1947,11
1948,11
1949,11
1950,11
1951,11
1952,11
1953,11
1954,11
1955,11
1956,11
1957,11
1958,11
1959,11
1960,11
1961,11
1962,11
1963,11
1964,11
1965,11
1966,11
1967,11
1968,11
1969,11
1970,11
1971,11
1972,11
1973,11
1974,11
1975,11
1976,11
1977,11
1978,11
1979,11
1980,11
1981,11
1982,11
1983,11
1984,11
1985,11
1986,11
1987,11
1988,11
1989,11
1990,11
1991,11
1992,11
1993,11
1994,11
1995,11
1996,11
1997,11
1998,11
1999,11
2000,11
2001,11
2002,11
2003,11
2004,11
2005,11
2006,11
2007,11
2008,11
2009,11
2010,11
2011,11
2012,11
2013,11
2014,11
2015,11
2016,11
2017,11
2018,11
2019,11
2020,11
2021,11
2022,11
2023,11
2024,11
2025,11
2026,11
2027,11
2028,11
2029,11
2030,11
2031,11
2032,11
2033,11
2034,11
2035,11
2036,11
2037,11
2038,11
2039,11
2040,11
2041,11
2042,11
2043,11
2044,11
2045,11
2046,11
2047,11
2048,11
2049,11
2050,11
2051,11
2052,11
2053,11
2054,11
2055,11
2056,11
2057,11
2058,11
2059,11
2060,11
2061,11
2062,11
2063,11
2064,11
2065,11
2066,11
2067,11
2068,11
2069,11
2070,11
2071,11
2072,11
2073,11
2074,11
2075,11
2076,11
2077,11
2078,11
2079,11
2080,11
2081,11
2082,11
2083,11
2084,11
2085,11
2086,11
2087,11
2088,11
2089,11
2090,11
2091,11
2092,11
2093,11
2094,11
2095,11
2096,11
2097,11
2098,11
2099,11
2100,11
2101,11
2102,11
2103,11
2104,11
2105,11
2106,11
2107,11
2108,11
2109,11
2110,11
2111,11
2112,11
2113,11
2114,11
2115,11
2116,11
2117,11
2118,11
2119,11
2120,11
2121,11
2122,11
2123,11
2124,11
2125,11
2126,11
2127,11
2128,11
2129,11
2130,11
2131,11
2132,11
2133,11
2134,11
2135,11
2136,11
2137,11
2138,11
2139,11
2140,11
2141,11
2142,11
2143,11
2144,11
2145,11
2146,11
2147,11
2148,11
2149,11
2150,11
2151,11
2152,11
2153,11
2154,11
2155,11
2156,11
2157,11
2158,11
2159,11
2160,11
2161,11
2162,11
2163,11
2164,11
2165,11
2166,11
2167,11
2168,11
2169,11
2170,11
2171,11
2172,11
2173,11
2174,11
2175,11
2176,11
2177,11
2178,11
2179,11
2180,11
2181,11
2182,11
2183,11
2184,11
2185,11
2186,11
2187,11
2188,11
2189,11
2190,11
2191,11
2192,11
2193,11
2194,11
2195,11
2196,11
2197,11
2198,11
2199,11
2200,11
2201,11
2202,11
2203,11
2204,11
2205,11
2206,11
2207,11
2208,11
2209,11
2210,11
2211,11
2212,11
2213,11
2214,11
2215,11
2216,11
2217,11
2218,11
2219,11
2220,11
2221,11
2222,11
2223,11
2224,11
2225,11
2226,11
2227,11
2228,11
2229,11
2230,11
2231,11
2232,11
2233,11
2234,11
2235,11
2236,11
2237,11
2238,11
2239,11
2240,11
2241,11
2242,11
2243,11
2244,11
2245,11
2246,11
2247,11
2248,11
2249,11
2250,11
2251,5
2252,5
2253,5
2254,5
2255,5
2256,11
2257,5
2258,5
2259,5
2260,5
2261,5
2262,5
2263,5
2264,5
2265,5
2266,5
2267,11
2268,5
2269,5
2270,5
2271,5
2272,5
2273,5
2274,5
2275,5
2276,5
2277,5
2278,5
2279,5
2280,5
2281,11
2282,5
2283,5
2284,5
2285,5
2286,5
2287,5
2288,5
2289,5
2290,11
2291,5
2292,5
2293,5
2294,5
2295,5
2296,5
2297,5
2298,5
2299,5
2300,5
2301,5
2302,5
2303,5
2304,5
2305,5
2306,5
2307,5
2308,5
2309,5
2310,5
2311,5
2312,5
2313,5
2314,5
2315,5
2316,5
2317,5
2318,4
2319,5
2320,5
2321,5
2322,5
2323,5
2324,5
2325,5
2326,5
2327,5
2328,5
2329,5
2330,5
2331,5
2332,5
2333,5
2334,5
2335,5
2336,5
2337,5
2338,5
2339,5
2340,5
2341,5
2342,5
2343,5
2344,5
2345,5
2346,4
2347,5
2348,5
2349,5
2350,5
2351,5
2352,5
2353,5
2354,5
2355,5
2356,5
2357,5
2358,5
2359,5
2360,5
2361,5
2362,5
2363,5
2364,5
2365,5
2366,5
2367,5
2368,5
2369,5
2370,11
2371,5
2372,5
2373,5
2374,5
2375,5
2376,5
2377,5
2378,5
2379,5
2380,5
2381,5
2382,5
2383,5
2384,5
2385,5
2386,5
2387,5
2388,5
2389,5
2390,5
2391,5
2392,5
2393,5
2394,5
2395,5
2396,5
2397,5
2398,5
2399,5
2400,5
2401,5
2402,5
2403,5
2404,5
2405,5
2406,5
2407,5
2408,5
2409,5
2410,5
2411,5
2412,5
2413,5
2414,5
2415,5
2416,5
2417,5
2418,5
2419,5
2420,5
2421,5
2422,5
2423,5
2424,3
2425,5
2426,5
2427,5
2428,5
2429,5
2430,5
2431,5
2432,5
2433,5
2434,5
2435,5
2436,5
2437,5
2438,5
2439,5
2440,5
2441,5
2442,5
2443,5
2444,5
2445,5
2446,5
2447,5
2448,5
2449,5
2450,5
2451,5
2452,5
2453,5
2454,5
2455,5
2456,5
2457,5
2458,5
2459,5
2460,5
2461,5
2462,5
2463,5
2464,5
2465,5
2466,5
2467,5
2468,5
2469,5
2470,5
2471,5
2472,5
2473,5
2474,5
2475,5
2476,5
2477,5
2478,5
2479,5
2480,5
2481,5
2482,5
2483,5
2484,5
2485,5
2486,5
2487,5
2488,5
2489,5
2490,5
2491,5
2492,5
2493,5
2494,5
2495,5
2496,5
2497,5
2498,5
2499,5
2500,5
2501,5
2502,5
2503,5
2504,5
2505,5
2506,5
2507,5
2508,5
2509,5
2510,5
2511,5
2512,5
2513,5
2514,5
2515,5
2516,5
2517,5
2518,5
2519,5
2520,5
2521,5
2522,5
2523,5
2524,5
2525,5
2526,5
2527,5
2528,5
2529,5
2530,5
2531,5
2532,5
2533,5
2534,5
2535,5
2536,5
2537,5
2538,5
2539,5
2540,5
2541,5
2542,5
2543,5
2544,5
2545,5
2546,5
2547,5
2548,5
2549,5
2550,5
2551,3
2552,3
2553,3
2554,3
2555,3
2556,3
2557,3
2558,3
2559,3
2560,3
2561,3
2562,3
2563,3
2564,3
2565,3
2566,3
2567,3
2568,3
2569,3
2570,3
2571,3
2572,3
2573,3
2574,3
2575,3
2576,3
2577,3
2578,3
2579,3
2580,3
2581,3
2582,3
2583,3
2584,3
2585,3
2586,3
2587,3
2588,3
2589,3
2590,3
2591,3
2592,3
2593,3
2594,3
2595,3
2596,3
2597,3
2598,3
2599,3
2600,3
2601,3
2602,3
2603,3
2604,3
2605,3
2606,3
2607,3
2608,3
2609,3
2610,3
2611,3
2612,3
2613,3
2614,3
2615,3
2616,3
2617,3
2618,3
2619,3
2620,3
2621,3
2622,3
2623,3
2624,3
2625,3
2626,3
2627,3
2628,3
2629,3
2630,3
2631,3
2632,3
2633,3
2634,3
2635,3
2636,3
2637,3
2638,3
2639,3
2640,3
2641,3
2642,3
2643,3
2644,3
2645,3
2646,3
2647,3
2648,3
2649,3
2650,3
2651,3
2652,3
2653,3
2654,3
2655,3
2656,3
2657,3
2658,3
2659,3
2660,3
2661,3
2662,3
2663,3
2664,3
2665,3
2666,3
2667,3
2668,3
2669,3
2670,3
2671,3
2672,3
2673,3
2674,3
2675,3
2676,3
2677,3
2678,3
2679,3
2680,3
2681,3
2682,3
2683,3
2684,3
2685,3
2686,3
2687,3
2688,3
2689,3
2690,3
2691,4
2692,3
2693,3
2694,3
2695,3
2696,3
2697,3
2698,3
2699,3
2700,3
2701,2
2702,2
2703,2
2704,2
2705,2
2706,2
2707,2
2708,2
2709,2
2710,2
2711,2
2712,2
2713,3
2714,2
2715,2
2716,2
2717,2
2718,2
2719,2
2720,2
2721,2
2722,2
2723,2
2724,2
2725,2
2726,2
2727,2
2728,2
2729,2
2730,2
2731,2
2732,2
2733,2
2734,2
2735,2
2736,3
2737,2
2738,2
2739,2
2740,2
2741,2
2742,2
2743,2
2744,2
2745,2
2746,2
2747,2
2748,2
2749,2
2750,2
2751,2
2752,2
2753,2
2754,2
2755,2
2756,2
2757,2
2758,2
2759,2
2760,2
2761,2
2762,2
2763,2
2764,2
2765,2
2766,2
2767,2
2768,2
2769,2
2770,2
2771,2
2772,2
2773,2
2774,2
2775,2
2776,2
2777,2
2778,2
2779,2
2780,2
2781,2
2782,2
2783,2
2784,2
2785,2
2786,2
2787,2
2788,2
2789,2
2790,2
2791,2
2792,2
2793,2
2794,2
2795,2
2796,2
2797,2
2798,2
2799,2
2800,2
2801,2
2802,2
2803,2
2804,2
2805,2
2806,2
2807,2
2808,2
2809,2
2810,2
2811,2
2812,2
2813,2
2814,2
2815,2
2816,2
2817,2
2818,2
2819,2
2820,2
2821,2
2822,2
2823,2
2824,2
2825,2
2826,2
2827,2
2828,2
2829,2
2830,2
2831,2
2832,2
2833,2
2834,2
2835,2
2836,2
2837,4
2838,2
2839,2
2840,2
2841,2
2842,2
2843,2
2844,2
2845,2
2846,2
2847,2
2848,2
2849,2
2850,2
2851,4
2852,4
2853,4
2854,4
2855,4
2856,4
2857,4
2858,4
2859,4
2860,4
2861,4
2862,4
2863,4
2864,4
2865,4
2866,4
2867,4
2868,4
2869,4
2870,4
2871,4
2872,4
2873,4
2874,4
2875,4
2876,4
2877,4
2878,4
2879,4
2880,4
2881,4
2882,4
2883,4
2884,4
2885,4
2886,4
2887,4
2888,4
2889,4
2890,4
2891,4
2892,4
2893,4
2894,4
2895,4
2896,4
2897,4
2898,4
2899,4
2900,4
2901,4
2902,4
2903,4
2904,4
2905,4
2906,4
2907,4
2908,4
2909,4
2910,4
2911,4
2912,4
2913,4
2914,4
2915,4
2916,4
2917,4
2918,4
2919,4
2920,4
2921,4
2922,4
2923,4
2924,4
2925,4
2926,4
2927,4
2928,4
2929,4
2930,4
2931,4
2932,4
2933,4
2934,4
2935,4
2936,4
2937,4
2938,4
2939,4
2940,4
2941,4
2942,4
2943,4
2944,4
2945,4
2946,4
2947,4
2948,4
2949,4
2950,4
2951,4
2952,4
2953,4
2954,4
2955,4
2956,4
2957,4
2958,4
2959,4
2960,4
2961,4
2962,4
2963,4
2964,4
2965,4
2966,4
2967,4
2968,4
2969,4
2970,4
2971,4
2972,4
2973,4
2974,4
2975,4
2976,4
2977,4
2978,4
2979,4
2980,4
2981,4
2982,4
2983,4
2984,4
2985,4
2986,4
2987,4
2988,4
2989,4
2990,4
2991,4
2992,4
2993,4
2994,4
2995,4
2996,4
2997,4
2998,4
2999,4
3000,4
3001,17
3002,17
3003,17
3004,17
3005,17
3006,17
3007,17
3008,17
3009,10
3010,17
3011,17
3012,17
3013,17
3014,17
3015,17
3016,17
3017,17
3018,17
3019,17
3020,17
3021,17
3022,17
3023,17
3024,17
3025,17
3026,17
3027,17
3028,17
3029,17
3030,17
3031,17
3032,17
3033,17
3034,17
3035,17
3036,17
3037,17
3038,17
3039,17
3040,17
3041,10
3042,17
3043,17
3044,17
3045,17
3046,17
3047,17
3048,17
3049,17
3050,17
3051,17
3052,17
3053,17
3054,17
3055,17
3056,17
3057,17
3058,17
3059,17
3060,17
3061,17
3062,17
3063,17
3064,17
3065,17
3066,17
3067,17
3068,17
3069,10
3070,17
3071,17
3072,10
3073,17
3074,17
3075,17
3076,17
3077,17
3078,17
3079,17
3080,17
3081,17
3082,17
3083,17
3084,10
3085,17
3086,17
3087,17
3088,17
3089,17
3090,17
3091,17
3092,17
3093,10
3094,17
3095,17
3096,17
3097,17
3098,17
3099,17
3100,17
3101,17
3102,17
3103,17
3104,17
3105,17
3106,17
3107,17
3108,17
3109,17
3110,17
3111,17
3112,17
3113,17
3114,17
3115,17
3116,17
3117,17
3118,17
3119,17
3120,17
3121,17
3122,17
3123,17
3124,17
3125,17
3126,17
3127,17
3128,17
3129,17
3130,17
3131,17
3132,17
3133,17
3134,17
3135,17
3136,17
3137,17
3138,17
3139,17
3140,17
3141,17
3142,17
3143,17
3144,17
3145,17
3146,17
3147,17
3148,17
3149,17
3150,17
3151,10
3152,10
3153,10
3154,10
3155,10
3156,10
3157,10
3158,10
3159,10
3160,10
3161,10
3162,10
3163,10
3164,10
3165,10
3166,10
3167,10
3168,10
3169,10
3170,10
3171,10
3172,17
3173,10
3174,10
3175,10
3176,10
3177,10
3178,10
3179,10
3180,10
3181,10
3182,10
3183,10
3184,10
3185,10
3186,17
3187,10
3188,10
3189,10
3190,10
3191,10
3192,10
3193,10
3194,10
3195,10
3196,10
3197,10
3198,10
3199,10
3200,10
3201,10
3202,10
3203,10
3204,10
3205,10
3206,10
3207,10
3208,10
3209,10
3210,10
3211,10
3212,10
3213,10
3214,10
3215,10
3216,10
3217,10
3218,10
3219,10
3220,10
3221,20
3222,10
3223,10
3224,10
3225,10
3226,10
3227,10
3228,10
3229,10
3230,10
3231,10
3232,10
3233,10
3234,10
3235,10
3236,10
3237,10
3238,10
3239,10
3240,10
3241,10
3242,10
3243,10
3244,10
3245,10
3246,10
3247,10
3248,10
3249,10
3250,10
3251,10
3252,10
3253,10
3254,10
3255,10
3256,10
3257,10
3258,10
3259,10
3260,10
3261,17
3262,10
3263,10
3264,10
3265,10
3266,10
3267,10
3268,10
3269,10
3270,17
3271,10
3272,10
3273,10
3274,10
3275,10
3276,10
3277,10
3278,10
3279,10
3280,10
3281,10
3282,10
3283,10
3284,10
3285,10
3286,10
3287,10
3288,10
3289,10
3290,10
3291,10
3292,10
3293,10
3294,10
3295,10
3296,10
3297,10
3298,10
3299,10
3300,10
3301,1
3302,1
3303,1
3304,16
3305,1
3306,1
3307,1
3308,1
3309,1
3310,1
3311,1
3312,1
3313,1
3314,1
3315,1
3316,1
3317,1
3318,1
3319,1
3320,1
3321,1
3322,1
3323,1
3324,1
3325,1
3326,1
3327,1
3328,1
3329,1
3330,1
3331,1
3332,1
3333,1
3334,16
3335,1
3336,1
3337,1
3338,1
3339,1
3340,1
3341,1
3342,1
3343,1
3344,1
3345,1
3346,1
3347,1
3348,1
3349,1
3350,1
3351,1
3352,1
3353,1
3354,1
3355,1
3356,1
3357,1
3358,1
3359,1
3360,1
3361,1
3362,1
3363,1
3364,1
3365,1
3366,1
3367,1
3368,1
3369,1
3370,1
3371,16
3372,1
3373,1
3374,1
3375,1
3376,1
3377,1
3378,1
3379,1
3380,1
3381,1
3382,1
3383,1
3384,1
3385,1
3386,1
3387,1
3388,1
3389,1
3390,1
3391,1
3392,1
3393,1
3394,1
3395,1
3396,1
3397,1
3398,1
3399,1
3400,1
3401,1
3402,1
3403,1
3404,1
3405,1
3406,1
3407,1
3408,1
3409,1
3410,1
3411,1
3412,1
3413,1
3414,1
3415,1
3416,1
3417,1
3418,1
3419,1
3420,1
3421,1
3422,1
3423,1
3424,1
3425,1
3426,1
3427,16
3428,1
3429,1
3430,1
3431,1
3432,1
3433,1
3434,1
3435,1
3436,1
3437,1
3438,1
3439,1
3440,1
3441,1
3442,1
3443,1
3444,1
3445,1
3446,16
3447,1
3448,1
3449,16
3450,1
3451,1
3452,1
3453,1
3454,1
3455,1
3456,1
3457,1
3458,1
3459,1
3460,1
3461,1
3462,1
3463,1
3464,1
3465,1
3466,1
3467,1
3468,1
3469,1
3470,1
3471,1
3472,1
3473,1
3474,1
3475,1
3476,1
3477,1
3478,1
3479,1
3480,1
3481,1
3482,1
3483,1
3484,1
3485,1
3486,1
3487,1
3488,1
3489,1
3490,1
3491,1
3492,1
3493,1
3494,1
3495,1
3496,1
3497,1
3498,1
3499,1
3500,1
3501,1
3502,1
3503,1
3504,16
3505,1
3506,1
3507,1
3508,1
3509,1
3510,1
3511,1
3512,1
3513,1
3514,1
3515,1
3516,1
3517,1
3518,1
3519,1
3520,1
3521,16
3522,1
3523,1
3524,1
3525,1
3526,1
3527,1
3528,1
3529,1
3530,1
3531,1
3532,1
3533,1
3534,16
3535,1
3536,1
3537,1
3538,1
3539,1
3540,1
3541,1
3542,1
3543,1
3544,1
3545,1
3546,1
3547,1
3548,1
3549,1
3550,1
3551,1
3552,1
3553,1
3554,1
3555,1
3556,1
3557,1
3558,1
3559,1
3560,1
3561,1
3562,1
3563,16
3564,1
3565,1
3566,1
3567,1
3568,1
3569,1
3570,16
3571,1
3572,1
3573,1
3574,1
3575,1
3576,1
3577,1
3578,1
3579,1
3580,16
3581,1
3582,1
3583,1
3584,1
3585,16
3586,1
3587,1
3588,1
3589,1
3590,1
3591,1
3592,1
3593,1
3594,1
3595,1
3596,1
3597,1
3598,1
3599,1
3600,1
3601,16
3602,16
3603,16
3604,16
3605,16
3606,16
3607,16
3608,16
3609,16
3610,16
3611,16
3612,16
3613,16
3614,16
3615,1
3616,16
3617,16
3618,16
3619,16
3620,16
3621,16
3622,16
3623,16
3624,16
3625,16
3626,16
3627,16
3628,16
3629,16
3630,16
3631,16
3632,16
3633,16
3634,16
3635,1
3636,16
3637,16
3638,16
3639,16
3640,16
3641,16
3642,16
3643,16
3644,16
3645,16
3646,16
3647,16
3648,16
3649,16
3650,16
3651,16
3652,1
3653,16
3654,16
3655,16
3656,16
3657,1
3658,1
3659,16
3660,16
3661,16
3662,16
3663,16
3664,16
3665,16
3666,16
3667,16
3668,16
3669,16
3670,16
3671,16
3672,16
3673,16
3674,16
3675,16
3676,16
3677,16
3678,16
3679,16
3680,16
3681,16
3682,16
3683,16
3684,16
3685,16
3686,16
3687,16
3688,16
3689,16
3690,16
3691,16
3692,16
3693,16
3694,16
3695,16
3696,16
3697,16
3698,16
3699,16
3700,1
3701,16
3702,16
3703,16
3704,16
3705,16
3706,16
3707,16
3708,16
3709,16
3710,16
3711,16
3712,16
3713,16
3714,16
3715,16
3716,16
3717,16
3718,16
3719,16
3720,16
3721,1
3722,16
3723,16
3724,16
3725,16
3726,16
3727,16
3728,16
3729,16
3730,16
3731,16
3732,16
3733,1
3734,16
3735,16
3736,16
3737,16
3738,16
3739,16
3740,16
3741,16
3742,16
3743,16
3744,16
3745,16
3746,16
3747,16
3748,16
3749,16
3750,16
3751,16
3752,16
3753,16
3754,16
3755,16
3756,16
3757,16
3758,16
3759,16
3760,16
3761,16
3762,16
3763,16
3764,16
3765,16
3766,16
3767,16
3768,16
3769,16
3770,16
3771,16
3772,16
3773,16
3774,16
3775,16
3776,16
3777,16
3778,16
3779,16
3780,16
3781,16
3782,16
3783,16
3784,16
3785,16
3786,16
3787,16
3788,16
3789,16
3790,16
3791,16
3792,16
3793,16
3794,16
3795,16
3796,16
3797,16
3798,16
3799,16
3800,16
3801,16
3802,16
3803,16
3804,16
3805,16
3806,16
3807,16
3808,16
3809,16
3810,16
3811,16
3812,16
3813,16
3814,16
3815,16
3816,16
3817,16
3818,16
3819,16
3820,16
3821,16
3822,16
3823,16
3824,16
3825,16
3826,16
3827,16
3828,16
3829,16
3830,16
3831,16
3832,16
3833,16
3834,16
3835,16
3836,16
3837,16
3838,16
3839,16
3840,16
3841,16
3842,16
3843,16
3844,16
3845,16
3846,16
3847,16
3848,16
3849,16
3850,16
3851,16
3852,16
3853,16
3854,16
3855,16
3856,16
3857,16
3858,16
3859,16
3860,16
3861,16
3862,16
3863,16
3864,16
3865,16
3866,16
3867,16
3868,16
3869,16
3870,16
3871,16
3872,16
3873,16
3874,16
3875,16
3876,16
3877,16
3878,16
3879,16
3880,16
3881,16
3882,16
3883,16
3884,16
3885,16
3886,16
3887,16
3888,16
3889,16
3890,16
3891,16
3892,16
3893,16
3894,16
3895,16
3896,16
3897,16
3898,16
3899,16
3900,16
3901,26
3902,26
3903,26
3904,26
3905,26
3906,26
3907,26
3908,26
3909,26
3910,26
3911,26
3912,26
3913,26
3914,26
3915,23
3916,26
3917,26
3918,26
3919,26
3920,26
3921,26
3922,26
3923,26
3924,26
3925,26
3926,26
3927,26
3928,26
3929,26
3930,26
3931,23
3932,26
3933,26
3934,26
3935,26
3936,26
3937,26
3938,15
3939,26
3940,23
3941,26
3942,23
3943,26
3944,26
3945,26
3946,26
3947,23
3948,26
3949,26
3950,23
3951,26
3952,26
3953,26
3954,26
3955,26
3956,23
3957,26
3958,26
3959,26
3960,23
3961,26
3962,26
3963,26
3964,26
3965,26
3966,26
3967,26
3968,15
3969,26
3970,26
3971,23
3972,26
3973,26
3974,26
3975,26
3976,26
3977,26
3978,26
3979,26
3980,26
3981,26
3982,26
3983,26
3984,26
3985,26
3986,26
3987,23
3988,26
3989,26
3990,26
3991,26
3992,26
3993,23
3994,23
3995,26
3996,26
3997,26
3998,26
3999,26
4000,26
4001,26
4002,26
4003,26
4004,26
4005,26
4006,23
4007,26
4008,26
4009,26
4010,23
4011,23
4012,26
4013,26
4014,26
4015,26
4016,26
4017,26
4018,26
4019,23
4020,26
4021,26
4022,26
4023,26
4024,26
4025,23
4026,26
4027,26
4028,26
4029,26
4030,26
4031,26
4032,26
4033,26
4034,26
4035,26
4036,26
4037,26
4038,26
4039,26
4040,26
4041,26
4042,23
4043,26
4044,26
4045,26
4046,26
4047,26
4048,26
4049,26
4050,26
4051,33
4052,23
4053,33
4054,23
4055,33
4056,33
4057,33
4058,33
4059,23
4060,23
4061,23
4062,33
4063,33
4064,33
4065,33
4066,33
4067,33
4068,33
4069,23
4070,33
4071,33
4072,33
4073,33
4074,33
4075,23
4076,33
4077,23
4078,33
4079,23
4080,33
4081,23
4082,33
4083,33
4084,33
4085,33
4086,33
4087,23
4088,33
4089,33
4090,33
4091,33
4092,33
4093,23
4094,33
4095,23
4096,33
4097,33
4098,33
4099,33
4100,33
4101,23
4102,23
4103,33
4104,33
4105,33
4106,33
4107,33
4108,33
4109,33
4110,33
4111,33
4112,33
4113,33
4114,23
4115,33
4116,33
4117,23
4118,23
4119,33
4120,33
4121,23
4122,23
4123,33
4124,33
4125,33
4126,33
4127,33
4128,33
4129,23
4130,33
4131,23
4132,23
4133,33
4134,33
4135,23
4136,33
4137,33
4138,23
4139,33
4140,33
4141,33
4142,33
4143,23
4144,23
4145,23
4146,33
4147,33
4148,23
4149,33
4150,23
4151,33
4152,33
4153,23
4154,23
4155,33
4156,33
4157,33
4158,33
4159,33
4160,33
4161,33
4162,33
4163,33
4164,33
4165,33
4166,23
4167,33
4168,33
4169,23
4170,23
4171,23
4172,33
4173,33
4174,23
4175,33
4176,33
4177,23
4178,33
4179,33
4180,23
4181,33
4182,33
4183,33
4184,33
4185,33
4186,33
4187,33
4188,33
4189,33
4190,33
4191,33
4192,33
4193,33
4194,33
4195,33
4196,33
4197,33
4198,23
4199,23
4200,33
4201,33
4202,33
4203,33
4204,33
4205,33
4206,33
4207,33
4208,33
4209,33
4210,33
4211,33
4212,33
4213,33
4214,33
4215,33
4216,33
4217,33
4218,33
4219,33
4220,33
4221,33
4222,23
4223,33
4224,33
4225,33
4226,33
4227,33
4228,33
4229,33
4230,33
4231,33
4232,33
4233,33
4234,33
4235,33
4236,33
4237,33
4238,33
4239,33
4240,33
4241,33
4242,33
4243,33
4244,33
4245,33
4246,33
4247,33
4248,33
4249,33
4250,33
4251,33
4252,33
4253,33
4254,33
4255,33
4256,33
4257,33
4258,33
4259,33
4260,33
4261,33
4262,33
4263,33
4264,33
4265,33
4266,33
4267,33
4268,33
4269,33
4270,33
4271,33
4272,33
4273,33
4274,33
4275,33
4276,33
4277,33
4278,33
4279,33
4280,33
4281,33
4282,33
4283,33
4284,23
4285,33
4286,33
4287,33
4288,33
4289,33
4290,33
4291,33
4292,33
4293,33
4294,33
4295,33
4296,33
4297,33
4298,33
4299,33
4300,33
4301,33
4302,33
4303,33
4304,33
4305,33
4306,33
4307,33
4308,33
4309,33
4310,33
4311,33
4312,33
4313,33
4314,33
4315,33
4316,33
4317,33
4318,33
4319,33
4320,33
4321,33
4322,33
4323,33
4324,33
4325,33
4326,33
4327,23
4328,33
4329,33
4330,33
4331,33
4332,33
4333,33
4334,33
4335,33
4336,33
4337,33
4338,33
4339,33
4340,33
4341,33
4342,23
4343,33
4344,33
4345,33
4346,33
4347,33
4348,33
4349,33
4350,33
4351,33
4352,33
4353,33
4354,33
4355,33
4356,33
4357,33
4358,33
4359,33
4360,33
4361,33
4362,33
4363,33
4364,33
4365,33
4366,33
4367,33
4368,33
4369,33
4370,33
4371,33
4372,33
4373,33
4374,33
4375,33
4376,33
4377,33
4378,33
4379,33
4380,33
4381,33
4382,33
4383,33
4384,33
4385,33
4386,33
4387,33
4388,33
4389,33
4390,33
4391,33
4392,33
4393,33
4394,33
4395,33
4396,33
4397,33
4398,33
4399,33
4400,33
4401,33
4402,33
4403,33
4404,33
4405,33
4406,33
4407,33
4408,33
4409,33
4410,33
4411,33
4412,33
4413,33
4414,33
4415,33
4416,33
4417,33
4418,33
4419,33
4420,33
4421,33
4422,33
4423,33
4424,33
4425,33
4426,33
4427,33
4428,33
4429,33
4430,33
4431,33
4432,33
4433,33
4434,33
4435,33
4436,33
4437,33
4438,33
4439,33
4440,33
4441,33
4442,33
4443,33
4444,33
4445,33
4446,33
4447,33
4448,33
4449,33
4450,33
4451,33
4452,33
4453,33
4454,33
4455,33
4456,33
4457,33
4458,33
4459,33
4460,33
4461,33
4462,33
4463,33
4464,33
4465,33
4466,33
4467,33
4468,33
4469,33
4470,33
4471,33
4472,33
4473,33
4474,33
4475,33
4476,33
4477,33
4478,33
4479,33
4480,33
4481,33
4482,33
4483,33
4484,33
4485,33
4486,33
4487,33
4488,33
4489,33
4490,33
4491,33
4492,33
4493,33
4494,33
4495,33
4496,33
4497,33
4498,33
4499,33
4500,33
4501,38
4502,38
4503,38
4504,38
4505,38
4506,38
4507,38
4508,38
4509,38
4510,38
4511,38
4512,38
4513,38
4514,38
4515,38
4516,38
4517,38
4518,38
4519,38
4520,38
4521,38
4522,38
4523,38
4524,38
4525,38
4526,38
4527,38
4528,38
4529,38
4530,38
4531,38
4532,38
4533,38
4534,38
4535,38
4536,38
4537,38
4538,38
4539,38
4540,38
4541,38
4542,38
4543,38
4544,38
4545,38
4546,38
4547,38
4548,38
4549,38
4550,38
4551,38
4552,38
4553,38
4554,38
4555,38
4556,38
4557,38
4558,38
4559,38
4560,38
4561,38
4562,38
4563,38
4564,38
4565,38
4566,38
4567,38
4568,38
4569,38
4570,38
4571,38
4572,38
4573,38
4574,38
4575,38
4576,38
4577,38
4578,38
4579,38
4580,38
4581,38
4582,38
4583,38
4584,38
4585,38
4586,38
4587,38
4588,38
4589,38
4590,38
4591,38
4592,38
4593,38
4594,38
4595,38
4596,38
4597,38
4598,38
4599,38
4600,38
4601,38
4602,38
4603,38
4604,38
4605,38
4606,38
4607,38
4608,38
4609,38
4610,38
4611,38
4612,38
4613,38
4614,38
4615,38
4616,38
4617,38
4618,38
4619,38
4620,38
4621,38
4622,38
4623,38
4624,38
4625,38
4626,38
4627,38
4628,38
4629,38
4630,38
4631,38
4632,38
4633,38
4634,38
4635,38
4636,38
4637,38
4638,38
4639,38
4640,38
4641,38
4642,38
4643,38
4644,38
4645,36
4646,38
4647,38
4648,38
4649,38
4650,38
4651,34
4652,34
4653,34
4654,34
4655,34
4656,34
4657,34
4658,34
4659,34
4660,34
4661,34
4662,34
4663,34
4664,34
4665,34
4666,34
4667,34
4668,34
4669,34
4670,34
4671,34
4672,34
4673,34
4674,34
4675,34
4676,34
4677,34
4678,34
4679,34
4680,34
4681,34
4682,34
4683,34
4684,34
4685,34
4686,34
4687,34
4688,34
4689,34
4690,34
4691,34
4692,34
4693,34
4694,34
4695,34
4696,34
4697,16
4698,34
4699,34
4700,34
4701,34
4702,34
4703,34
4704,34
4705,34
4706,34
4707,34
4708,34
4709,34
4710,34
4711,34
4712,34
4713,34
4714,34
4715,34
4716,34
4717,34
4718,34
4719,34
4720,34
4721,34
4722,34
4723,34
4724,34
4725,34
4726,34
4727,34
4728,34
4729,34
4730,34
4731,34
4732,34
4733,34
4734,34
4735,34
4736,34
4737,34
4738,34
4739,34
4740,34
4741,34
4742,34
4743,34
4744,34
4745,34
4746,34
4747,34
4748,34
4749,34
4750,34
4751,34
4752,34
4753,34
4754,34
4755,34
4756,34
4757,34
4758,34
4759,34
4760,34
4761,34
4762,34
4763,34
4764,34
4765,34
4766,34
4767,34
4768,34
4769,34
4770,34
4771,34
4772,34
4773,34
4774,34
4775,34
4776,34
4777,34
4778,34
4779,34
4780,34
4781,34
4782,34
4783,34
4784,34
4785,34
4786,34
4787,34
4788,34
4789,34
4790,34
4791,34
4792,34
4793,34
4794,34
4795,34
4796,34
4797,34
4798,34
4799,34
4800,34
4801,27
4802,27
4803,27
4804,27
4805,27
4806,27
4807,27
4808,27
4809,27
4810,27
4811,27
4812,27
4813,27
4814,27
4815,27
4816,27
4817,27
4818,27
4819,27
4820,27
4821,27
4822,27
4823,27
4824,27
4825,27
4826,27
4827,27
4828,27
4829,27
4830,27
4831,27
4832,27
4833,27
4834,27
4835,27
4836,27
4837,27
4838,27
4839,27
4840,27
4841,27
4842,27
4843,27
4844,27
4845,27
4846,27
4847,27
4848,27
4849,27
4850,27
4851,27
4852,27
4853,27
4854,27
4855,27
4856,27
4857,27
4858,27
4859,27
4860,27
4861,27
4862,27
4863,27
4864,27
4865,27
4866,27
4867,27
4868,27
4869,27
4870,27
4871,27
4872,27
4873,27
4874,27
4875,27
4876,27
4877,27
4878,27
4879,27
4880,27
4881,27
4882,27
4883,27
4884,27
4885,27
4886,27
4887,34
4888,27
4889,27
4890,27
4891,27
4892,27
4893,27
4894,27
4895,27
4896,27
4897,27
4898,27
4899,27
4900,27
4901,27
4902,27
4903,27
4904,27
4905,27
4906,27
4907,27
4908,27
4909,27
4910,27
4911,27
4912,27
4913,27
4914,27
4915,27
4916,27
4917,27
4918,27
4919,27
4920,27
4921,27
4922,27
4923,27
4924,27
4925,27
4926,27
4927,27
4928,27
4929,27
4930,27
4931,27
4932,27
4933,27
4934,27
4935,27
4936,27
4937,27
4938,27
4939,27
4940,27
4941,27
4942,27
4943,27
4944,27
4945,27
4946,27
4947,34
4948,27
4949,27
4950,27
4951,35
4952,35
4953,35
4954,35
4955,35
4956,35
4957,35
4958,35
4959,35
4960,35
4961,35
4962,35
4963,35
4964,35
4965,35
4966,35
4967,35
4968,35
4969,35
4970,35
4971,35
4972,35
4973,35
4974,35
4975,35
4976,35
4977,35
4978,35
4979,35
4980,35
4981,35
4982,35
4983,35
4984,35
4985,35
4986,35
4987,35
4988,35
4989,35
4990,35
4991,35
4992,35
4993,35
4994,35
4995,35
4996,35
4997,35
4998,35
4999,35
5000,35
5001,35
5002,35
5003,35
5004,35
5005,35
5006,35
5007,35
5008,35
5009,35
5010,35
5011,35
5012,35
5013,35
5014,35
5015,35
5016,35
5017,35
5018,35
5019,35
5020,35
5021,35
5022,35
5023,35
5024,35
5025,35
5026,35
5027,35
5028,35
5029,35
5030,35
5031,35
5032,35
5033,35
5034,35
5035,35
5036,35
5037,35
5038,35
5039,35
5040,35
5041,35
5042,35
5043,35
5044,35
5045,35
5046,35
5047,35
5048,35
5049,35
5050,35
5051,35
5052,35
5053,35
5054,35
5055,35
5056,35
5057,35
5058,35
5059,35
5060,35
5061,35
5062,35
5063,35
5064,35
5065,35
5066,35
5067,35
5068,35
5069,35
5070,35
5071,35
5072,35
5073,35
5074,35
5075,35
5076,35
5077,35
5078,35
5079,35
5080,35
5081,35
5082,35
5083,35
5084,35
5085,35
5086,35
5087,35
5088,35
5089,35
5090,35
5091,35
5092,35
5093,35
5094,35
5095,35
5096,35
5097,35
5098,35
5099,35
5100,35
5101,42
5102,42
5103,42
5104,42
5105,42
5106,42
5107,42
5108,42
5109,42
5110,42
5111,42
5112,42
5113,42
5114,42
5115,42
5116,42
5117,42
5118,42
5119,42
5120,42
5121,42
5122,42
5123,42
5124,42
5125,42
5126,42
5127,42
5128,42
5129,42
5130,42
5131,42
5132,42
5133,42
5134,42
5135,42
5136,42
5137,42
5138,42
5139,42
5140,42
5141,42
5142,42
5143,42
5144,42
5145,42
5146,42
5147,42
5148,42
5149,42
5150,42
5151,42
5152,42
5153,42
5154,42
5155,42
5156,42
5157,42
5158,42
5159,42
5160,42
5161,42
5162,42
5163,42
5164,42
5165,42
5166,42
5167,42
5168,42
5169,42
5170,42
5171,42
5172,42
5173,42
5174,42
5175,42
5176,42
5177,42
5178,42
5179,42
5180,42
5181,42
5182,42
5183,42
5184,42
5185,42
5186,42
5187,42
5188,42
5189,42
5190,42
5191,42
5192,42
5193,42
5194,42
5195,42
5196,42
5197,42
5198,42
5199,42
5200,42
5201,42
5202,42
5203,42
5204,42
5205,42
5206,42
5207,42
5208,42
5209,42
5210,42
5211,42
5212,42
5213,42
5214,42
5215,42
5216,42
5217,42
5218,42
5219,42
5220,42
5221,42
5222,42
5223,42
5224,42
5225,42
5226,42
5227,42
5228,42
5229,42
5230,42
5231,42
5232,42
5233,42
5234,42
5235,42
5236,42
5237,42
5238,42
5239,42
5240,42
5241,42
5242,42
5243,42
5244,42
5245,42
5246,42
5247,42
5248,42
5249,42
5250,42
5251,42
5252,42
5253,40
5254,42
5255,42
5256,42
5257,42
5258,40
5259,42
5260,42
5261,42
5262,40
5263,42
5264,42
5265,42
5266,42
5267,42
5268,42
5269,42
5270,42
5271,42
5272,42
5273,42
5274,42
5275,42
5276,42
5277,42
5278,40
5279,40
5280,42
5281,42
5282,42
5283,42
5284,42
5285,42
5286,42
5287,42
5288,42
5289,42
5290,42
5291,42
5292,42
5293,32
5294,40
5295,42
5296,42
5297,42
5298,42
5299,42
5300,42
5301,42
5302,40
5303,42
5304,42
5305,42
5306,42
5307,42
5308,42
5309,40
5310,42
5311,40
5312,42
5313,42
5314,40
5315,42
5316,42
5317,42
5318,42
5319,42
5320,42
5321,42
5322,42
5323,42
5324,42
5325,42
5326,42
5327,40
5328,42
5329,42
5330,42
5331,42
5332,40
5333,42
5334,42
5335,42
5336,42
5337,42
5338,32
5339,42
5340,32
5341,42
5342,42
5343,42
5344,32
5345,42
5346,40
5347,42
5348,42
5349,40
5350,40
5351,42
5352,42
5353,42
5354,42
5355,42
5356,40
5357,42
5358,42
5359,42
5360,42
5361,42
5362,42
5363,42
5364,42
5365,40
5366,42
5367,42
5368,42
5369,42
5370,42
5371,40
5372,42
5373,40
5374,42
5375,42
5376,42
5377,42
5378,42
5379,42
5380,42
5381,40
5382,40
5383,42
5384,42
5385,42
5386,42
5387,40
5388,42
5389,42
5390,42
5391,40
5392,42
5393,42
5394,42
5395,42
5396,40
5397,42
5398,42
5399,40
5400,42
5401,40
5402,40
5403,40
5404,40
5405,40
5406,40
5407,40
5408,40
5409,40
5410,40
5411,40
5412,40
5413,40
5414,40
5415,40
5416,40
5417,24
5418,40
5419,40
5420,24
5421,40
5422,40
5423,40
5424,40
5425,40
5426,40
5427,40
5428,40
5429,40
5430,40
5431,40
5432,40
5433,40
5434,40
5435,40
5436,40
5437,40
5438,40
5439,40
5440,40
5441,40
5442,40
5443,40
5444,40
5445,40
5446,40
5447,40
5448,40
5449,40
5450,40
5451,40
5452,40
5453,40
5454,40
5455,40
5456,40
5457,40
5458,40
5459,40
5460,40
5461,40
5462,40
5463,40
5464,40
5465,40
5466,40
5467,40
5468,40
5469,40
5470,40
5471,40
5472,40
5473,40
5474,40
5475,40
5476,40
5477,40
5478,40
5479,40
5480,40
5481,40
5482,40
5483,40
5484,40
5485,40
5486,40
5487,40
5488,40
5489,40
5490,40
5491,40
5492,40
5493,40
5494,40
5495,40
5496,40
5497,40
5498,40
5499,40
5500,40
5501,40
5502,40
5503,40
5504,40
5505,40
5506,40
5507,40
5508,40
5509,40
5510,40
5511,40
5512,40
5513,40
5514,40
5515,40
5516,40
5517,40
5518,40
5519,40
5520,40
5521,40
5522,40
5523,40
5524,40
5525,40
5526,40
5527,40
5528,40
5529,40
5530,40
5531,40
5532,40
5533,40
5534,40
5535,40
5536,40
5537,40
5538,40
5539,40
5540,24
5541,40
5542,40
5543,40
5544,40
5545,40
5546,40
5547,40
5548,40
5549,40
5550,40
5551,24
5552,24
5553,24
5554,24
5555,24
5556,40
5557,24
5558,24
5559,24
5560,24
5561,24
5562,24
5563,24
5564,24
5565,24
5566,24
5567,24
5568,24
5569,24
5570,24
5571,24
5572,24
5573,24
5574,24
5575,24
5576,24
5577,24
5578,24
5579,24
5580,24
5581,24
5582,24
5583,24
5584,24
5585,24
5586,24
5587,24
5588,24
5589,24
5590,24
5591,24
5592,24
5593,24
5594,24
5595,24
5596,24
5597,24
5598,24
5599,24
5600,24
5601,24
5602,24
5603,24
5604,24
5605,24
5606,24
5607,24
5608,24
5609,24
5610,24
5611,24
5612,24
5613,24
5614,24
5615,24
5616,24
5617,24
5618,24
5619,24
5620,24
5621,24
5622,24
5623,24
5624,24
5625,24
5626,24
5627,24
5628,24
5629,24
5630,24
5631,24
5632,24
5633,24
5634,24
5635,24
5636,24
5637,24
5638,24
5639,24
5640,24
5641,24
5642,24
5643,24
5644,24
5645,24
5646,24
5647,24
5648,24
5649,24
5650,24
5651,24
5652,24
5653,24
5654,24
5655,24
5656,24
5657,24
5658,24
5659,24
5660,24
5661,24
5662,24
5663,24
5664,24
5665,24
5666,24
5667,24
5668,24
5669,24
5670,24
5671,24
5672,24
5673,24
5674,24
5675,24
5676,24
5677,24
5678,24
5679,24
5680,24
5681,24
5682,24
5683,24
5684,24
5685,24
5686,24
5687,24
5688,24
5689,24
5690,24
5691,24
5692,24
5693,24
5694,24
5695,24
5696,24
5697,24
5698,24
5699,24
5700,24
5701,24
5702,24
5703,24
5704,24
5705,24
5706,24
5707,24
5708,24
5709,24
5710,24
5711,24
5712,24
5713,24
5714,24
5715,24
5716,24
5717,24
5718,24
5719,24
5720,24
5721,24
5722,24
5723,24
5724,24
5725,24
5726,24
5727,24
5728,24
5729,24
5730,24
5731,24
5732,32
5733,24
5734,24
5735,24
5736,24
5737,24
5738,24
5739,24
5740,24
5741,24
5742,24
5743,24
5744,24
5745,24
5746,24
5747,24
5748,24
5749,24
5750,24
5751,24
5752,24
5753,24
5754,24
5755,24
5756,24
5757,24
5758,24
5759,24
5760,24
5761,24
5762,24
5763,24
5764,24
5765,24
5766,24
5767,24
5768,24
5769,24
5770,24
5771,24
5772,24
5773,24
5774,24
5775,24
5776,24
5777,24
5778,24
5779,24
5780,24
5781,24
5782,24
5783,24
5784,24
5785,24
5786,24
5787,24
5788,24
5789,24
5790,24
5791,24
5792,24
5793,24
5794,24
5795,24
5796,24
5797,24
5798,24
5799,24
5800,24
5801,24
5802,24
5803,24
5804,24
5805,24
5806,24
5807,24
5808,24
5809,24
5810,24
5811,24
5812,24
5813,24
5814,24
5815,24
5816,24
5817,24
5818,24
5819,24
5820,24
5821,24
5822,24
5823,24
5824,24
5825,24
5826,24
5827,24
5828,24
5829,24
5830,24
5831,24
5832,24
5833,24
5834,24
5835,24
5836,24
5837,24
5838,24
5839,24
5840,24
5841,24
5842,24
5843,24
5844,24
5845,24
5846,24
5847,24
5848,24
5849,24
5850,24
5851,41
5852,41
5853,41
5854,41
5855,41
5856,41
5857,41
5858,41
5859,41
5860,41
5861,41
5862,41
5863,41
5864,41
5865,41
5866,41
5867,41
5868,41
5869,41
5870,41
5871,41
5872,41
5873,41
5874,41
5875,41
5876,41
5877,41
5878,41
5879,41
5880,41
5881,41
5882,41
5883,41
5884,41
5885,41
5886,41
5887,41
5888,41
5889,41
5890,41
5891,41
5892,41
5893,41
5894,41
5895,41
5896,41
5897,41
5898,41
5899,41
5900,41
5901,41
5902,41
5903,41
5904,41
5905,41
5906,41
5907,41
5908,41
5909,41
5910,41
5911,41
5912,41
5913,41
5914,41
5915,41
5916,41
5917,41
5918,41
5919,41
5920,41
5921,41
5922,41
5923,41
5924,41
5925,41
5926,41
5927,41
5928,41
5929,41
5930,41
5931,41
5932,41
5933,41
5934,41
5935,41
5936,41
5937,41
5938,41
5939,41
5940,41
5941,41
5942,41
5943,41
5944,41
5945,41
5946,41
5947,41
5948,41
5949,41
5950,41
5951,41
5952,41
5953,41
5954,41
5955,41
5956,41
5957,41
5958,41
5959,41
5960,41
5961,41
5962,41
5963,41
5964,41
5965,41
5966,41
5967,41
5968,41
5969,41
5970,41
5971,41
5972,41
5973,41
5974,41
5975,41
5976,41
5977,41
5978,41
5979,41
5980,41
5981,24
5982,41
5983,41
5984,41
5985,41
5986,41
5987,41
5988,41
5989,41
5990,41
5991,41
5992,41
5993,41
5994,41
5995,41
5996,41
5997,41
5998,41
5999,41
6000,41
6001,41
6002,29
6003,29
6004,29
6005,29
6006,29
6007,29
6008,29
6009,41
6010,29
6011,29
6012,29
6013,29
6014,29
6015,29
6016,29
6017,29
6018,29
6019,29
6020,29
6021,29
6022,29
6023,29
6024,29
6025,29
6026,29
6027,29
6028,29
6029,29
6030,29
6031,29
6032,29
6033,29
6034,29
6035,29
6036,29
6037,29
6038,29
6039,29
6040,29
6041,29
6042,29
6043,29
6044,29
6045,29
6046,29
6047,29
6048,29
6049,29
6050,29
6051,29
6052,41
6053,29
6054,29
6055,29
6056,29
6057,29
6058,29
6059,29
6060,29
6061,29
6062,29
6063,29
6064,29
6065,29
6066,29
6067,29
6068,29
6069,29
6070,29
6071,29
6072,29
6073,29
6074,29
6075,29
6076,41
6077,29
6078,29
6079,29
6080,29
6081,29
6082,29
6083,29
6084,29
6085,29
6086,29
6087,29
6088,29
6089,29
6090,29
6091,29
6092,29
6093,29
6094,29
6095,29
6096,29
6097,29
6098,29
6099,29
6100,29
6101,29
6102,29
6103,29
6104,29
6105,29
6106,29
6107,29
6108,29
6109,29
6110,29
6111,29
6112,29
6113,41
6114,29
6115,29
6116,41
6117,29
6118,29
6119,29
6120,29
6121,29
6122,41
6123,29
6124,29
6125,29
6126,29
6127,29
6128,29
6129,29
6130,29
6131,29
6132,29
6133,29
6134,29
6135,29
6136,29
6137,29
6138,29
6139,29
6140,29
6141,29
6142,29
6143,29
6144,29
6145,29
6146,29
6147,29
6148,29
6149,29
6150,29
6151,31
6152,31
6153,31
6154,31
6155,31
6156,31
6157,31
6158,31
6159,31
6160,31
6161,31
6162,31
6163,31
6164,31
6165,31
6166,31
6167,31
6168,31
6169,31
6170,31
6171,31
6172,31
6173,31
6174,31
6175,31
6176,31
6177,31
6178,31
6179,31
6180,31
6181,31
6182,31
6183,31
6184,31
6185,31
6186,31
6187,31
6188,31
6189,31
6190,31
6191,31
6192,31
6193,31
6194,31
6195,31
6196,31
6197,31
6198,31
6199,31
6200,31
6201,31
6202,31
6203,31
6204,31
6205,31
6206,31
6207,31
6208,31
6209,31
6210,31
6211,31
6212,31
6213,31
6214,31
6215,31
6216,31
6217,31
6218,31
6219,31
6220,31
6221,31
6222,31
6223,31
6224,31
6225,31
6226,31
6227,31
6228,31
6229,31
6230,31
6231,31
6232,31
6233,31
6234,31
6235,31
6236,31
6237,31
6238,31
6239,31
6240,31
6241,31
6242,31
6243,31
6244,31
6245,31
6246,31
6247,31
6248,31
6249,31
6250,31
6251,31
6252,31
6253,31
6254,31
6255,31
6256,31
6257,31
6258,31
6259,31
6260,31
6261,31
6262,31
6263,31
6264,31
6265,31
6266,31
6267,31
6268,31
6269,31
6270,31
6271,31
6272,31
6273,31
6274,31
6275,31
6276,31
6277,31
6278,31
6279,31
6280,31
6281,31
6282,31
6283,31
6284,31
6285,31
6286,31
6287,31
6288,31
6289,31
6290,31
6291,31
6292,31
6293,31
6294,31
6295,31
6296,31
6297,31
6298,31
6299,31
6300,31
6301,36
6302,36
6303,36
6304,36
6305,36
6306,31
6307,36
6308,36
6309,36
6310,36
6311,36
6312,36
6313,36
6314,36
6315,36
6316,36
6317,36
6318,36
6319,36
6320,36
6321,36
6322,36
6323,36
6324,36
6325,36
6326,36
6327,36
6328,36
6329,36
6330,36
6331,36
6332,36
6333,36
6334,36
6335,36
6336,36
6337,36
6338,36
6339,36
6340,36
6341,36
6342,36
6343,36
6344,36
6345,36
6346,36
6347,36
6348,36
6349,36
6350,36
6351,36
6352,36
6353,36
6354,36
6355,36
6356,36
6357,36
6358,36
6359,36
6360,36
6361,36
6362,36
6363,36
6364,36
6365,36
6366,36
6367,36
6368,36
6369,36
6370,36
6371,36
6372,36
6373,36
6374,36
6375,36
6376,36
6377,36
6378,36
6379,36
6380,36
6381,36
6382,36
6383,36
6384,36
6385,31
6386,36
6387,36
6388,31
6389,36
6390,36
6391,36
6392,36
6393,36
6394,36
6395,36
6396,36
6397,36
6398,36
6399,36
6400,36
6401,36
6402,36
6403,36
6404,36
6405,36
6406,36
6407,36
6408,36
6409,31
6410,36
6411,36
6412,36
6413,36
6414,36
6415,36
6416,36
6417,36
6418,36
6419,36
6420,36
6421,36
6422,36
6423,36
6424,36
6425,36
6426,36
6427,36
6428,36
6429,36
6430,31
6431,36
6432,36
6433,36
6434,36
6435,36
6436,36
6437,36
6438,36
6439,36
6440,36
6441,36
6442,36
6443,36
6444,36
6445,36
6446,36
6447,36
6448,36
6449,36
6450,36
6451,28
6452,28
6453,28
6454,28
6455,28
6456,28
6457,28
6458,28
6459,28
6460,28
6461,28
6462,28
6463,28
6464,28
6465,28
6466,28
6467,28
6468,28
6469,28
6470,28
6471,28
6472,28
6473,28
6474,28
6475,28
6476,28
6477,28
6478,28
6479,28
6480,28
6481,28
6482,28
6483,28
6484,28
6485,28
6486,28
6487,28
6488,28
6489,28
6490,28
6491,28
6492,28
6493,28
6494,28
6495,28
6496,28
6497,28
6498,28
6499,28
6500,28
6501,28
6502,28
6503,31
6504,28
6505,28
6506,31
6507,28
6508,28
6509,28
6510,28
6511,28
6512,28
6513,28
6514,28
6515,28
6516,28
6517,28
6518,28
6519,28
6520,28
6521,28
6522,28
6523,28
6524,28
6525,28
6526,28
6527,28
6528,31
6529,28
6530,28
6531,28
6532,28
6533,28
6534,28
6535,28
6536,28
6537,28
6538,28
6539,28
6540,28
6541,28
6542,28
6543,28
6544,28
6545,28
6546,28
6547,28
6548,28
6549,28
6550,28
6551,28
6552,28
6553,28
6554,28
6555,28
6556,28
6557,28
6558,28
6559,28
6560,28
6561,28
6562,28
6563,28
6564,28
6565,28
6566,31
6567,28
6568,28
6569,28
6570,28
6571,28
6572,28
6573,28
6574,28
6575,28
6576,28
6577,28
6578,28
6579,28
6580,28
6581,28
6582,28
6583,28
6584,28
6585,28
6586,28
6587,28
6588,28
6589,28
6590,28
6591,28
6592,28
6593,28
6594,28
6595,28
6596,28
6597,28
6598,28
6599,28
6600,28
6601,25
6602,25
6603,25
6604,25
6605,25
6606,25
6607,25
6608,25
6609,25
6610,25
6611,25
6612,25
6613,25
6614,25
6615,25
6616,25
6617,25
6618,25
6619,25
6620,25
6621,25
6622,25
6623,25
6624,25
6625,25
6626,25
6627,25
6628,25
6629,25
6630,25
6631,25
6632,25
6633,25
6634,25
6635,25
6636,25
6637,25
6638,25
6639,25
6640,25
6641,25
6642,25
6643,25
6644,25
6645,30
6646,25
6647,25
6648,25
6649,25
6650,25
6651,25
6652,25
6653,30
6654,34
6655,25
6656,25
6657,25
6658,25
6659,25
6660,25
6661,25
6662,25
6663,25
6664,25
6665,25
6666,25
6667,25
6668,25
6669,25
6670,25
6671,25
6672,25
6673,25
6674,25
6675,25
6676,25
6677,25
6678,25
6679,25
6680,25
6681,25
6682,25
6683,25
6684,25
6685,25
6686,25
6687,25
6688,25
6689,25
6690,25
6691,25
6692,25
6693,25
6694,25
6695,25
6696,25
6697,25
6698,25
6699,25
6700,25
6701,25
6702,25
6703,25
6704,25
6705,25
6706,25
6707,25
6708,25
6709,25
6710,25
6711,25
6712,25
6713,25
6714,25
6715,25
6716,25
6717,25
6718,25
6719,25
6720,25
6721,25
6722,25
6723,25
6724,25
6725,25
6726,25
6727,25
6728,25
6729,30
6730,25
6731,25
6732,25
6733,25
6734,25
6735,25
6736,25
6737,25
6738,25
6739,25
6740,25
6741,30
6742,25
6743,25
6744,25
6745,25
6746,25
6747,25
6748,25
6749,25
6750,25
6751,30
6752,30
6753,30
6754,30
6755,30
6756,30
6757,30
6758,30
6759,30
6760,30
6761,30
6762,30
6763,30
6764,30
6765,30
6766,30
6767,30
6768,30
6769,30
6770,30
6771,30
6772,30
6773,30
6774,30
6775,30
6776,30
6777,30
6778,30
6779,30
6780,30
6781,30
6782,30
6783,30
6784,30
6785,30
6786,30
6787,30
6788,30
6789,30
6790,30
6791,30
6792,30
6793,30
6794,30
6795,30
6796,30
6797,30
6798,30
6799,30
6800,30
6801,30
6802,30
6803,30
6804,30
6805,30
6806,30
6807,30
6808,30
6809,30
6810,30
6811,30
6812,30
6813,30
6814,30
6815,30
6816,30
6817,30
6818,30
6819,30
6820,30
6821,30
6822,30
6823,30
6824,30
6825,30
6826,30
6827,30
6828,30
6829,30
6830,30
6831,30
6832,30
6833,30
6834,30
6835,30
6836,30
6837,30
6838,30
6839,30
6840,30
6841,30
6842,30
6843,30
6844,30
6845,30
6846,30
6847,30
6848,30
6849,30
6850,30
6851,30
6852,30
6853,30
6854,30
6855,30
6856,30
6857,30
6858,30
6859,30
6860,30
6861,30
6862,30
6863,30
6864,30
6865,30
6866,30
6867,30
6868,30
6869,30
6870,30
6871,30
6872,30
6873,30
6874,30
6875,30
6876,30
6877,30
6878,30
6879,30
6880,30
6881,30
6882,30
6883,30
6884,30
6885,30
6886,30
6887,30
6888,30
6889,30
6890,30
6891,30
6892,30
6893,30
6894,30
6895,30
6896,30
6897,30
6898,30
6899,30
6900,30
6901,25
6902,25
6903,25
6904,25
6905,25
6906,25
6907,25
6908,25
6909,25
6910,25
6911,25
6912,25
6913,25
6914,25
6915,25
6916,25
6917,25
6918,25
6919,25
6920,40
6921,25
6922,25
6923,25
6924,25
6925,25
6926,25
6927,25
6928,25
6929,25
6930,25
6931,25
6932,25
6933,25
6934,25
6935,25
6936,25
6937,25
6938,25
6939,25
6940,25
6941,25
6942,25
6943,25
6944,25
6945,25
6946,25
6947,25
6948,25
6949,25
6950,25
6951,25
6952,25
6953,25
6954,25
6955,25
6956,25
6957,25
6958,25
6959,25
6960,25
6961,25
6962,25
6963,25
6964,25
6965,25
6966,25
6967,25
6968,25
6969,25
6970,25
6971,25
6972,25
6973,25
6974,25
6975,25
6976,25
6977,25
6978,25
6979,25
6980,25
6981,25
6982,25
6983,25
6984,25
6985,25
6986,25
6987,25
6988,25
6989,25
6990,25
6991,25
6992,25
6993,25
6994,25
6995,25
6996,25
6997,25
6998,25
6999,25
7000,25
7001,25
7002,25
7003,25
7004,25
7005,25
7006,25
7007,25
7008,25
7009,25
7010,25
7011,25
7012,25
7013,25
7014,25
7015,25
7016,25
7017,25
7018,25
7019,25
7020,25
7021,25
7022,25
7023,25
7024,25
7025,25
7026,25
7027,25
7028,25
7029,25
7030,25
7031,25
7032,25
7033,25
7034,25
7035,25
7036,25
7037,25
7038,25
7039,25
7040,25
7041,25
7042,25
7043,25
7044,25
7045,25
7046,25
7047,25
7048,25
7049,25
7050,25
7051,39
7052,39
7053,39
7054,39
7055,39
7056,39
7057,39
7058,39
7059,39
7060,39
7061,39
7062,39
7063,39
7064,39
7065,39
7066,39
7067,39
7068,39
7069,39
7070,39
7071,39
7072,25
7073,39
7074,39
7075,39
7076,39
7077,39
7078,39
7079,39
7080,39
7081,25
7082,39
7083,39
7084,39
7085,39
7086,39
7087,39
7088,39
7089,39
7090,39
7091,39
7092,39
7093,39
7094,39
7095,39
7096,39
7097,39
7098,39
7099,39
7100,39
7101,39
7102,39
7103,39
7104,39
7105,39
7106,39
7107,39
7108,39
7109,39
7110,39
7111,39
7112,39
7113,39
7114,39
7115,39
7116,39
7117,39
7118,39
7119,39
7120,39
7121,39
7122,39
7123,39
7124,39
7125,39
7126,39
7127,39
7128,39
7129,39
7130,25
7131,39
7132,39
7133,39
7134,39
7135,39
7136,39
7137,39
7138,39
7139,39
7140,39
7141,39
7142,39
7143,39
7144,39
7145,39
7146,39
7147,39
7148,39
7149,39
7150,39
7151,39
7152,39
7153,25
7154,39
7155,39
7156,39
7157,39
7158,39
7159,39
7160,39
7161,39
7162,39
7163,39
7164,39
7165,39
7166,39
7167,39
7168,39
7169,39
7170,39
7171,39
7172,39
7173,39
7174,39
7175,39
7176,39
7177,39
7178,39
7179,39
7180,39
7181,39
7182,39
7183,39
7184,39
7185,39
7186,39
7187,39
7188,39
7189,39
7190,39
7191,39
7192,39
7193,39
7194,39
7195,39
7196,39
7197,39
7198,39
7199,39
7200,39
7201,37
7202,37
7203,37
7204,37
7205,37
7206,37
7207,37
7208,37
7209,37
7210,37
7211,37
7212,37
7213,37
7214,37
7215,37
7216,37
7217,37
7218,37
7219,37
7220,37
7221,37
7222,37
7223,37
7224,37
7225,37
7226,37
7227,37
7228,37
7229,37
7230,37
7231,37
7232,37
7233,37
7234,37
7235,37
7236,37
7237,37
7238,37
7239,37
7240,37
7241,37
7242,37
7243,37
7244,37
7245,37
7246,37
7247,37
7248,37
7249,37
7250,37
7251,37
7252,37
7253,37
7254,37
7255,37
7256,37
7257,37
7258,37
7259,37
7260,37
7261,37
7262,37
7263,37
7264,37
7265,37
7266,37
7267,37
7268,37
7269,37
7270,37
7271,37
7272,37
7273,37
7274,37
7275,37
7276,37
7277,37
7278,37
7279,37
7280,37
7281,37
7282,37
7283,37
7284,37
7285,37
7286,37
7287,37
7288,37
7289,37
7290,37
7291,37
7292,37
7293,37
7294,37
7295,37
7296,37
7297,37
7298,37
7299,37
7300,37
7301,37
7302,37
7303,37
7304,37
7305,37
7306,39
7307,37
7308,37
7309,37
7310,37
7311,37
7312,37
7313,37
7314,37
7315,37
7316,37
7317,37
7318,37
7319,37
7320,37
7321,37
7322,37
7323,37
7324,37
7325,37
7326,37
7327,37
7328,37
7329,37
7330,37
7331,37
7332,37
7333,37
7334,37
7335,37
7336,37
7337,37
7338,37
7339,37
7340,37
7341,37
7342,37
7343,37
7344,37
7345,37
7346,37
7347,37
7348,37
7349,37
7350,37
7351,32
7352,32
7353,33
7354,32
7355,32
7356,32
7357,32
7358,32
7359,32
7360,32
7361,32
7362,32
7363,32
7364,32
7365,32
7366,32
7367,32
7368,32
7369,32
7370,32
7371,32
7372,32
7373,32
7374,32
7375,32
7376,32
7377,32
7378,32
7379,32
7380,32
7381,32
7382,32
7383,33
7384,32
7385,32
7386,32
7387,32
7388,32
7389,32
7390,32
7391,32
7392,32
7393,32
7394,32
7395,32
7396,32
7397,32
7398,32
7399,32
7400,32
7401,32
7402,32
7403,32
7404,32
7405,32
7406,32
7407,32
7408,32
7409,32
7410,32
7411,32
7412,32
7413,32
7414,32
7415,32
7416,32
7417,32
7418,32
7419,32
7420,32
7421,32
7422,32
7423,32
7424,32
7425,32
7426,32
7427,32
7428,32
7429,32
7430,32
7431,32
7432,32
7433,32
7434,32
7435,32
7436,32
7437,32
7438,32
7439,32
7440,32
7441,32
7442,32
7443,32
7444,32
7445,32
7446,32
7447,32
7448,32
7449,32
7450,32
7451,32
7452,32
7453,32
7454,32
7455,32
7456,32
7457,32
7458,32
7459,32
7460,32
7461,32
7462,32
7463,32
7464,32
7465,32
7466,32
7467,33
7468,32
7469,32
7470,32
7471,32
7472,32
7473,32
7474,32
7475,32
7476,32
7477,32
7478,32
7479,32
7480,32
7481,32
7482,32
7483,32
7484,32
7485,32
7486,32
7487,32
7488,32
7489,32
7490,32
7491,32
7492,32
7493,32
7494,32
7495,32
7496,32
7497,32
7498,32
7499,32
7500,32
