1,9
2,9
3,9
4,4
5,9
6,9
7,9
8,9
9,4
10,9
11,9
12,9
13,4
14,4
15,9
16,9
17,4
18,9
19,4
20,4
21,9
22,4
23,9
24,4
25,9
26,9
27,9
28,9
29,4
30,4
31,9
32,9
33,4
34,9
35,4
36,9
37,4
38,9
39,4
40,4
41,9
42,9
43,9
44,9
45,9
46,9
47,9
48,9
49,9
50,9
51,4
52,9
53,9
54,9
55,4
56,9
57,9
58,9
59,4
60,4
61,4
62,9
63,9
64,9
65,1
66,1
67,1
68,1
69,1
70,1
71,1
72,1
73,1
74,1
75,1
76,1
77,1
78,1
79,1
80,1
81,1
82,1
83,1
84,1
85,1
86,1
87,1
88,1
89,1
90,1
91,1
92,1
93,1
94,1
95,1
96,1
97,1
98,1
99,1
100,1
101,1
102,1
103,1
104,1
105,1
106,1
107,1
108,1
109,1
110,1
111,1
112,1
113,1
114,1
115,1
116,1
117,1
118,1
119,1
120,1
121,1
122,1
123,1
124,1
125,1
126,1
127,1
128,1
129,3
130,3
131,3
132,3
133,3
134,3
135,3
136,3
137,3
138,3
139,3
140,3
141,3
142,3
143,3
144,3
145,3
146,3
147,3
148,3
149,3
150,3
151,3
152,3
153,3
154,3
155,3
156,3
157,3
158,3
159,3
160,3
161,3
162,3
163,3
164,3
165,3
166,3
167,3
168,3
169,3
170,3
171,3
172,3
173,3
174,3
175,3
176,3
177,3
178,3
179,3
180,3
181,3
182,3
183,3
184,3
185,3
186,3
187,3
188,3
189,3
190,3
191,3
192,3
193,7
194,7
195,7
196,7
197,7
198,7
199,7
200,7
201,7
202,7
203,7
204,7
205,7
206,7
207,7
208,7
209,7
210,7
211,7
212,7
213,7
214,7
215,7
216,7
217,7
218,7
219,7
220,7
221,7
222,7
223,7
224,7
225,7
226,7
227,7
228,7
229,7
230,7
231,7
232,7
233,7
234,7
235,7
236,7
237,7
238,7
239,7
240,7
241,7
242,7
243,7
244,7
245,7
246,7
247,7
248,7
249,7
250,7
251,7
252,7
253,7
254,7
255,7
256,7
257,6
258,6
259,6
260,6
261,6
262,6
263,6
264,6
265,6
266,6
267,6
268,6
269,6
270,6
271,6
272,6
273,6
274,6
275,6
276,6
277,6
278,6
279,6
280,6
281,6
282,6
283,6
284,6
285,6
286,6
287,6
288,6
289,6
290,6
291,6
292,6
293,6
294,6
295,6
296,6
297,6
298,6
299,6
300,6
301,6
302,6
303,6
304,6
305,6
306,6
307,6
308,6
309,6
310,6
311,6
312,6
313,6
314,6
315,6
316,6
317,6
318,6
319,6
320,6
321,8
322,8
323,8
324,8
325,8
326,8
327,8
328,8
329,8
330,8
331,8
332,8
333,8
334,8
335,8
336,8
337,8
338,8
339,8
340,8
341,8
342,8
343,8
344,8
345,8
346,8
347,8
348,8
349,8
350,8
351,8
352,8
353,8
354,8
355,8
356,8
357,8
358,8
359,8
360,8
361,8
362,8
363,8
364,8
365,8
366,8
367,8
368,8
369,8
370,8
371,8
372,8
373,8
374,8
375,8
376,8
377,8
378,8
379,8
380,8
381,8
382,8
383,8
384,8
385,5
386,5
387,5
388,5
389,2
390,5
391,5
392,5
393,5
394,5
395,5
396,5
397,5
398,5
399,5
400,5
401,5
402,5
403,2
404,5
405,5
406,5
407,5
408,5
409,5
410,5
411,5
412,5
413,5
414,5
415,5
416,5
417,5
418,2
419,5
420,2
421,5
422,2
423,5
424,5
425,5
426,2
427,5
428,5
429,5
430,5
431,5
432,2
433,5
434,5
435,5
436,5
437,5
438,5
439,5
440,5
441,5
442,5
443,5
444,5
445,5
446,5
447,5
448,5
449,3
450,3
451,3
452,3
453,3
454,3
455,3
456,3
457,3
458,3
459,3
460,3
461,3
462,3
463,3
464,3
465,3
466,3
467,3
468,3
469,3
470,3
471,3
472,3
473,3
474,3
475,3
476,3
477,3
478,3
479,3
480,3
481,3
482,3
483,3
484,3
485,3
486,3
487,3
488,3
489,3
490,3
491,3
492,3
493,3
494,3
495,3
496,3
497,3
498,3
499,3
500,3
501,3
502,3
503,3
504,3
505,3
506,3
507,3
508,3
509,3
510,3
511,3
512,3
513,10
514,10
515,10
516,10
517,10
518,10
519,10
520,10
521,10
522,10
523,10
524,10
525,10
526,10
527,10
528,10
529,10
530,10
531,10
532,10
533,10
534,10
535,10
536,10
537,10
538,10
539,10
540,10
541,10
542,10
543,10
544,10
545,10
546,10
547,10
548,10
549,10
550,10
551,10
552,10
553,10
554,10
555,10
556,10
557,10
558,10
559,10
560,10
561,10
562,10
563,10
564,10
565,10
566,10
567,10
568,10
569,10
570,10
571,10
572,10
573,10
574,10
575,10
576,10
577,11
578,11
579,11
580,11
581,11
582,11
583,11
584,11
585,11
586,11
587,11
588,11
589,11
590,11
591,11
592,11
593,11
594,11
595,11
596,11
597,11
598,11
599,11
600,11
601,11
602,11
603,11
604,11
605,11
606,11
607,11
608,11
609,11
610,11
611,11
612,11
613,11
614,11
615,11
616,11
617,11
618,11
619,11
620,11
621,11
622,11
623,11
624,11
625,11
626,11
627,11
628,11
629,11
630,11
631,11
632,11
633,11
634,11
635,11
636,11
637,11
638,11
639,11
640,11
641,14
642,14
643,14
644,14
645,14
646,14
647,14
648,14
649,14
650,14
651,14
652,14
653,14
654,14
655,14
656,14
657,14
658,14
659,14
660,14
661,14
662,14
663,14
664,14
665,14
666,14
667,14
668,14
669,14
670,14
671,14
672,14
673,14
674,14
675,14
676,14
677,14
678,14
679,14
680,14
681,14
682,14
683,14
684,14
685,14
686,14
687,14
688,14
689,14
690,14
691,14
692,14
693,14
694,14
695,14
696,14
697,14
698,14
699,14
700,14
701,14
702,14
703,14
704,14
705,10
706,10
707,10
708,10
709,10
710,10
711,10
712,10
713,10
714,10
715,10
716,10
717,10
718,10
719,10
720,10
721,10
722,10
723,10
724,10
725,10
726,10
727,10
728,10
729,10
730,10
731,10
732,10
733,10
734,10
735,10
736,10
737,10
738,10
739,10
740,10
741,10
742,10
743,10
744,10
745,10
746,10
747,10
748,10
749,10
750,10
751,10
752,10
753,10
754,10
755,10
756,10
757,10
758,10
759,10
760,10
761,10
762,10
763,10
764,10
765,10
766,10
767,10
768,10
769,10
770,10
771,10
772,10
773,10
774,10
775,10
776,10
777,10
778,10
779,10
780,10
781,10
782,10
783,10
784,10
785,10
786,10
787,10
788,10
789,10
790,10
791,10
792,10
793,10
794,10
795,10
796,10
797,10
798,10
799,10
800,10
801,10
802,10
803,10
804,10
805,10
806,10
807,10
808,10
809,10
810,10
811,10
812,10
813,10
814,10
815,10
816,10
817,10
818,10
819,10
820,10
821,10
822,10
823,10
824,10
825,10
826,10
827,10
828,10
829,10
830,10
831,10
832,10
833,13
834,13
835,13
836,13
837,13
838,13
839,13
840,13
841,13
842,13
843,13
844,13
845,13
846,13
847,13
848,13
849,13
850,13
851,13
852,13
853,13
854,13
855,13
856,13
857,13
858,13
859,13
860,13
861,13
862,13
863,13
864,13
865,13
866,13
867,13
868,13
869,13
870,13
871,13
872,13
873,13
874,13
875,13
876,13
877,13
878,13
879,13
880,13
881,13
882,13
883,13
884,13
885,13
886,13
887,13
888,13
889,13
890,13
891,13
892,13
893,13
894,13
895,13
896,13
897,12
898,12
899,12
900,12
901,12
902,12
903,12
904,12
905,12
906,12
907,12
908,12
909,12
910,12
911,12
912,12
913,12
914,12
915,12
916,12
917,12
918,12
919,12
920,12
921,12
922,12
923,12
924,12
925,12
926,12
927,12
928,12
929,12
930,12
931,12
932,12
933,12
934,12
935,12
936,12
937,12
938,12
939,12
940,12
941,12
942,12
943,12
944,12
945,12
946,12
947,12
948,12
949,12
950,12
951,12
952,12
953,12
954,12
955,12
956,12
957,12
958,12
959,12
960,12
961,10
962,10
963,10
964,10
965,10
966,10
967,10
968,10
969,10
970,10
971,10
972,10
973,10
974,10
975,10
976,10
977,10
978,10
979,10
980,10
981,10
982,10
983,10
984,10
985,10
986,10
987,10
988,10
989,10
990,10
991,10
992,10
993,10
994,10
995,10
996,10
997,10
998,10
999,10
1000,10
1001,10
1002,10
1003,10
1004,10
1005,10
1006,10
1007,10
1008,10
1009,10
1010,10
1011,10
1012,10
1013,10
1014,10
1015,10
1016,10
1017,10
1018,10
1019,10
1020,10
1021,10
1022,10
1023,10
1024,10
